14.133167123492923,13.31019635852968
17.760791757110837,12.099749133388464
20.567107307090836,10.09049840991484
22.460215433790232,7.770789815561322
23.598632885926236,5.444551132667262
24.173346509455644,3.243515616148705
24.332992712523694,1.210012313141972
24.18044401388611,-0.6491018656802316
23.7857915018181,-2.338109234514296
23.19823423588285,-3.863263213075517
22.454143177564248,-5.229939393518951
21.58206936363563,-6.442151691834916
20.605765666803205,-7.502854702651711
19.54599098107951,-8.41444017634382
18.42157608518359,-9.179221301367193
17.250037495569245,-9.799843609855248
16.047909102283462,-10.279612991317805
14.83089301015292,-10.622747328753857
13.613891000050355,-10.834561037343533
12.410954483142962,-10.921589804634916
11.2351769895754,-10.891659245654314
10.098545415838043,-10.753897127796026
9.011762533363592,-10.51868480596502
7.984052717675994,-10.197540101147073
7.022965032574236,-9.802922027847327
6.1341921873394885,-9.347949052232693
5.321429371340926,-8.846028793965367
4.5863013921245805,-8.310409618307794
3.9283866619209054,-7.753682783161252
3.3453590427235724,-7.187283642350891
2.833251950035171,-6.621054272676992
13.933400728952428,14.57147173464097
17.485229225737406,13.400094800254355
20.17077752739468,11.535723897005225
22.008005805105654,9.417099097978841
23.171698761921455,7.284222841992337
23.830520168094296,5.238105321656925
24.108589151442274,3.314203074477153
24.09118156524078,1.522439230627262
23.83716025640652,-0.13565047879353465
23.388763250509207,-1.660460752942576
22.77801871155178,-3.052239382655276
22.0307172645555,-4.310681091779072
21.16882844736716,-5.435106744864049
20.21195992552881,-6.424808614019726
19.178228059407264,-7.279407126860351
18.084760983071106,-7.999167526163642
16.947966738602137,-8.585263547582807
15.783646571272758,-9.039988372911946
14.607002344595244,-9.36691613570974
13.432568370104352,-9.571016196397304
12.274086798326408,-9.658719600127478
11.144339425043011,-9.637933510129578
10.054946054638343,-9.517995530645337
9.016139959738894,-9.309556453491922
8.036534346784485,-9.024378392252222
7.122899732542823,-8.675037484850728
6.279979526795344,-8.274528602639197
5.510377200433088,-7.835785155351353
4.81454908256259,-7.371148704717648
4.19092794443595,-6.891844949765606
3.636182694860725,-6.4075353377759825
3.1455926481830634,-5.926008266239595
9.528570475343017,15.792369852481464
13.602889498800867,15.804956438038666
17.05281285434543,14.685058197893028
19.619348896466377,12.966549003415018
21.40451514699423,11.034175188237118
22.58800287457912,9.077293278192919
23.318235958577795,7.174512776720614
23.699335687544583,5.356194458679236
23.80213395741302,3.6342331106223793
23.675888511169518,2.0142468558693096
23.356524278492657,0.5001343268649041
22.871853790571727,-0.9044384957578169
22.244783575979586,-2.1957357447318016
21.49526862171866,-3.3700791728957578
20.641498722038207,-4.424109052324918
19.700608829966377,-5.35506481265105
18.689088018196763,-6.1610445033363765
17.622991930311663,-6.841230424614236
16.5180222704641,-7.396078367603692
15.389512055140061,-7.827470395089413
14.252340198316883,-8.138830184976015
13.12078975433879,-8.33519728541085
12.008358895263113,-8.42325287943606
10.927531720700776,-8.41128536979491
9.889517292538496,-8.309080203816684
8.90397014747845,-8.127716582679849
7.978713886821181,-7.879256642522518
7.1194998869413855,-7.576323246758398
6.3298421507235885,-7.231582174916773
5.610971190441125,-6.857170797646687
4.96193900555973,-6.46414024164413
4.379882172601934,-6.06198967664372
3.860416714284402,-5.658360246367919
3.398109037228844,-5.258922703652266
9.046578870875443,16.980321686738108
13.145254583239721,16.997136152189068
16.46926174540174,15.939206118900174
18.91764840499311,14.365904091436438
20.652839887984193,12.607173747475727
21.851195765864865,10.812214685986913
22.642465280836447,9.043136221276354
23.11396147519166,7.326516831012041
23.324380647907304,5.675551118726467
23.314662728780675,4.0987605071084205
23.115018136163492,2.603212588880976
22.749244763911197,1.1955689487594219
22.237352814067997,-0.11771027997862404
21.59716269215599,-1.3304766895536133
20.845276601621805,-2.437108383291613
19.99766057883302,-3.4327464318283463
19.069977295931935,-4.313521548805933
18.07775361236401,-5.0767599715279195
17.03643346237043,-5.721165022720689
15.961346356337001,-6.246972603311755
14.867609041949192,-6.656077768281375
13.769969781101514,-6.952126620403013
12.682599918959019,-7.140563440159975
11.618835736590581,-7.228617722462906
10.590875578266806,-7.2252107045630405
9.609443887259935,-7.140758278077839
8.683445516200205,-6.98685041016354
7.819648990994019,-6.775800322198211
7.022451367213701,-6.520081617153594
6.293781616418877,-6.231704594660365
5.63318582333473,-5.921612749862846
5.038103970539989,-5.5991912449163665
4.504304089998588,-5.271960527493726
4.026402936849892,-4.94548428716955
3.598388851871377,-4.623469824648404
4.120498695875543,16.45865967398178
8.494693730885025,18.122966367970292
12.56550992617015,18.134949106664305
15.741443626976539,17.14761106868162
18.071598301646294,15.717621187151316
19.757476776532705,14.121704645637102
20.96607433393104,12.477167082648641
21.809660659160762,10.83382237666208
22.36102878813066,9.215402827425983
22.6684370314662,7.635954258397741
22.765508416466027,6.106069330959997
22.677249709734546,4.635158911272784
22.42365483844349,3.232178659761744
22.021874264357674,1.9057520160694894
21.48753254212339,0.6640619966186163
20.83553010751681,-0.4853386757806426
20.080523878603795,-1.5357389612920294
19.237200838824258,-2.4814787021463944
18.32041242205456,-3.3181467008815355
17.34521000971648,-4.042764257201381
16.326804788218112,-4.65395190209347
15.280464026458866,-5.152075712159541
14.221348155993375,-5.539366255830385
13.164287976757556,-5.819998013581425
12.123499173150488,-6.0001103096746045
11.112233494366318,-6.087743570488299
10.14237451153761,-6.092659940344592
9.22400237925648,-6.026019854081292
8.364975159366091,-5.89990194710301
7.570596980181599,-5.72668577607227
6.84345253387664,-5.5183599861802035
6.183469689323609,-5.285856285877576
5.588224495630973,-5.038520087648199
5.053441166265151,-4.783799795387609
4.573591617810404,-4.527178129021046
4.142486397650811,-4.272307783328018
3.7537721740181436,-4.0212760458307395
3.3026696389591406,17.452520606205287
7.884848059982861,19.20838605547048
11.870007331374353,19.205929184632478
14.877364948633488,18.29601354726061
17.088258607804356,17.006469313909445
18.724282029124304,15.563942580969428
19.938610058366997,14.060337023721262
20.826957704223393,12.536167728640176
21.449265353506334,11.012956607944938
21.84461046839739,9.505263632037419
22.040069817771787,8.02513409053384
22.05586366859997,6.583693667008094
21.90837187235107,5.191642012211199
21.611934593757347,3.859312195328493
21.179944247239302,2.596559135471151
20.625511444038175,1.4125834884241941
19.961865870215895,0.31573455121924976
19.20258559940836,-0.686690242872448
18.361709915127236,-1.588642472637802
17.45376778238343,-2.385513914166741
16.49373943261363,-3.0743199689319853
15.496958179878131,-3.65387207568837
14.478951545682477,-4.124932157411302
13.455214403111624,-4.490335896344722
12.440902949332767,-4.7550626739911825
11.450439347267624,-4.926219376580783
10.497026866161978,-5.0128964193948375
9.592098294150803,-5.025854206674276
8.7447561585085,-4.977016044765981
7.961301887028648,-4.8787852113113255
7.244970679262474,-4.74326276725994
6.595965562495136,-4.581494150705304
6.011812605069782,-4.402884162375913
5.487967094527817,-4.214876207909403
5.018534364553505,-4.022911562216955
4.596959983297065,-3.830609428322954
4.216586129217275,-3.64007115264769
3.8710323952209134,-3.4522162261298925
2.482152100497645,18.434134162401875
7.229993728388004,20.224393923311368
11.066366870824204,20.198342504242376
13.886142796762012,19.370969407748618
15.975829642378672,18.218209368469974
17.560416376769655,16.920740198438928
18.775941509285,15.550149136071049
19.702289884087136,14.139775384695701
20.387782950410006,12.709329819581368
20.86325721230373,11.273598900612761
21.149835406137573,9.845590816459659
21.263283953278673,8.437644530174595
21.216527061099363,7.061754913022976
21.0211389396339,5.729584698684992
20.688249150089398,4.452348762047284
20.22909784870979,3.240646490072706
19.655373826940174,2.1042736856621778
18.979412045402675,1.0520267661374874
18.214295608913897,0.09150391599862928
17.373888009732887,-0.7710955372511332
16.472808681597176,-1.5311731065846654
15.526354924707078,-2.1859328772907727
14.550364101422794,-2.7345777151927404
13.561000959758783,-3.1784875930948306
12.574447041103753,-3.5213562154385247
11.606466120004624,-3.7692465368334727
10.671828754491468,-3.9305097002680327
9.783609496661015,-4.015504870150531
8.952426354856492,-4.036074523557714
8.185760578258265,-4.004783645738371
7.487537598575571,-3.9340153385559145
6.858120149260449,-3.8350917741718575
6.294749773925227,-3.717605662609472
5.7923251019449875,-3.5890808310954068
5.344309478530709,-3.454966588602135
4.94356365479818,-3.318875265100287
4.582977258964723,-3.1829371805546867
4.255865874414605,-3.048166715249323
3.956164779905512,-2.914775882134629
1.701411452424618,19.41444830365565
6.5435238844955546,21.158348625713927
10.16339339757807,21.101315977488515
12.77795877038541,20.35998393623277
14.74362350296703,19.339660975449696
16.274276996080403,18.179739860642293
17.486340295152033,16.935462190174206
18.444442161321746,15.63447438498113
19.18621247085173,14.294890532229449
19.734958568589548,12.931451539112096
20.10630706422996,11.557714528398211
20.311833975501575,10.186809428326194
20.361135166053657,8.831642032798955
20.263051722034,7.504871295606553
20.0264161775734,6.218790617005559
19.66051503576506,4.9851667977167375
19.175376330409684,3.815059234908629
18.581944945763006,2.718628404424285
17.89218267921192,1.7049363635405648
17.119114435065207,0.7817388949456134
16.27683098215023,-0.04473243503630009
15.380449027390046,-0.7699997366279163
14.446018616895614,-1.3915784509679803
13.49035463318383,-1.9092189447190098
12.530753796903525,-2.3251283401831575
11.58454563815505,-2.6441291625125114
10.668427270470486,-2.873683602086764
9.797567309419826,-3.02369002010297
8.98455144625291,-3.10596649049549
8.238368922269736,-3.1334027446520274
7.563736697693238,-3.1188869977779223
6.961025291201665,-3.0742390010739804
6.426851712562823,-3.0094114881969762
5.955146676014309,-2.9321183009257172
5.538356745466174,-2.847875974403898
5.1684804515895175,-2.7603189052480595
4.837787805332359,-2.671620496898763
4.539217785598378,-2.582897103072666
4.2665270154101265,-2.494534149404677
4.01427899176112,-2.406420482188233
-4.027415199483127,14.711075726879262
1.0196546884449695,20.40571784145422
5.838477028443051,21.997019973530143
9.17098007796817,21.904956438038663
11.563995689727793,21.251633482097997
13.40201077570818,20.35877544034796
14.875417317324164,19.329481250405195
16.079156485737396,18.20573723871083
17.063060809050768,17.01050723052319
17.854777515849065,15.760378483205931
18.47063320712466,14.469772451545598
18.921117952751164,13.152424112282933
19.2138283462178,11.821879660169703
19.355134138752938,10.49160995609702
19.351165329253185,9.174962552688122
19.208417963874208,7.88504155258774
18.934135900352466,6.6345529431459465
18.536555788742906,5.435631528327509
18.025066101831413,4.299655763782183
17.410311095222333,3.2370517066851034
16.70425865502994,2.257084136429123
15.920242383202254,1.3676306569256198
15.07297964795055,0.5749332167694465
14.17855556882222,-0.11667809172682198
13.254344732039531,-0.7050895705738789
12.318815423565518,-1.1907246179415942
11.391127754827558,-1.5768417366224021
10.490413073901795,-1.8697271028241893
9.634646482000466,-2.078647314636738
8.839151530562107,-2.215405528960641
8.115019248781786,-2.293412830897827
7.467961605603506,-2.326377459712031
6.898109657703526,-2.326940718598822
6.400890345351742,-2.3056635661047107
5.968611971591766,-2.2705985405238316
5.592150805719533,-2.2274014047596253
5.262274633622461,-2.1797579579051387
4.970445311164112,-2.1298946157286505
4.709171010928646,-2.0790301243139435
4.472060726645751,-2.0277165826798473
4.253719308754636,-1.9760717500942278
4.04957548783883,-1.9239247264560344
-5.284133891646986,14.95202283929994
0.5184192348992935,21.413825747654045
5.126540204004871,22.726610864225925
8.099999999999996,22.600459032834458
10.2563584514403,22.035674895478166
11.962347068551054,21.264710216278324
13.37445573501473,20.359502664543573
14.564747722226514,19.351182694892024
15.568631214924212,18.258690212356278
16.404322672663216,17.09704376269269
17.08160007581615,15.880061626439396
17.606106919483974,14.621308683184981
17.98163487518229,13.334400081602816
18.211413436886623,12.033046828875552
18.298877687321955,10.73098853433004
18.24814551955049,9.441872780190458
18.06432535170516,8.179107009949757
17.753721810683892,6.955694424071661
17.323979747788684,5.784058407935388
16.784192793661454,4.6758559169882306
16.14499492587185,3.6417770500975317
15.41864846793754,2.691324842556397
14.619136487890792,1.8325657776777433
13.76225778227583,1.071838050760011
12.86570232202898,0.41340314532452815
11.949045140599068,-0.14096806349733804
11.033528778394835,-0.5924600412007042
10.141416674844615,-0.9456564465432535
9.294653135815452,-1.2087922332711667
8.512704969866046,-1.3935391467446205
7.809929345999375,-1.514065465030077
7.193447724335922,-1.5853901258484058
6.662657807654527,-1.6215084208860873
6.2107106390673135,-1.6339877337500024
5.827129579735367,-1.6314381238030293
5.500343300115203,-1.6197439424319828
5.219393707434056,-1.6026671171462894
4.9747488271341425,-1.5824861965640018
4.758492453086341,-1.5605099279111414
4.564189304020196,-1.5374353974324482
4.386627793737626,-1.5135776090208903
4.221545325685916,-1.4890082324518499
4.065378292345111,-1.4636344534912489
-6.5008136680672655,15.3213310480795
0.3021619271559963,22.420189877784537
4.416950848243901,23.33306478397615
6.962187045524761,23.180203689904033
8.867980608806988,22.703142653342464
10.436882902420118,22.0479012928462
11.782974287922425,21.260434334185597
12.954395126738497,20.362879547761874
13.972431955762925,19.370550119421225
14.846308368735599,18.296768106127654
15.579603798253324,17.154452657765056
16.17335795902683,15.956662563056572
16.627709821916085,14.71674983782082
16.942827588843738,13.448350797422192
17.119468934230422,12.16530216965387
17.159336048244917,10.881519478555736
17.065311324342986,9.610854801083583
16.841622204489855,8.36694209110642
16.4939656150541,7.1630337175237315
16.029614057506116,6.011828891319624
15.45752240394184,4.92529190534847
14.788454531308236,3.9144546760486536
14.035150241429605,2.989193104452548
13.212552189409319,2.1579593843172695
12.338102002453358,1.427442146885701
11.432076459940264,0.8021152645785818
10.51783352084124,0.28363443515392284
9.621629123223997,-0.12992166924368043
8.771367692541737,-0.44483354405211273
7.993551836846314,-0.6721405401339506
7.30848421922357,-0.8270004078925997
6.725675904178508,-0.926617974296823
6.24254860518784,-0.9873739150098189
5.847476171039942,-1.0225826594359209
5.524844853179276,-1.04176376381651
5.259168573160107,-1.0511302078466578
5.037162570216418,-1.054515032236507
4.848246529557044,-1.0542133378960532
4.684278008301207,-1.0515797014027175
4.539051630892222,-1.0474053571048607
4.407808040551815,-1.0421431668480707
4.286829267424666,-1.0360381179295377
4.173125741615346,-1.0292015548665123
4.064196911607228,-1.0216519142799552
-7.495757336874632,16.285041401466216
0.47758845296093266,23.350228683870267
3.715507544329744,23.802767767587493
5.7700073313743525,23.637838605465177
7.412518413529524,23.246433332890938
8.838659821149154,22.70013068469477
10.113408415311529,22.02408245778137
11.260208437378001,21.232888844160236
12.286471116448384,20.338440116679667
13.192781152379172,19.352169047132207
13.97681214359822,18.28578823551414
14.635212836372622,17.15152080157775
15.164611397460865,15.962132343277979
15.562195955278153,14.730874066901219
15.826073736867805,13.471381625177727
15.95550605111832,12.19754986499175
15.951069905438574,10.923393680762192
15.814775624282369,9.662900640544759
15.550160241541807,8.429878718315976
15.162373280147875,7.237800944232288
14.6582728342693,6.09964733272568
14.0465554381597,5.027742427523562
13.337954006904738,4.033583294517211
12.545555695142063,3.12764608547203
11.685315701586827,2.31914599715002
10.77686327450932,1.6156992136328654
9.84466225550159,1.0227870629651594
8.919335290876408,0.5428523575661988
8.038117637868178,0.17383728912043672
7.241769229255299,-0.09270237696249772
6.56487646543634,-0.2726612894138629
6.022597000772455,-0.38734985582924963
5.605877904855872,-0.4581875359180696
5.290599976817643,-0.5019772087107714
5.050368891037468,-0.5297389994486732
4.8634550557102685,-0.5480105532176864
4.714046502187974,-0.5605306634713134
4.59116538004921,-0.5694438625188258
4.487249957211153,-0.5760087689277285
4.397026866161978,-0.5809869985621372
4.316730899570526,-0.5848540716874258
4.24358848472521,-0.5879152691867962
4.1754767278366005,-0.5903707120095465
4.11069340074834,-0.5923527293032702
4.0477946910243885,-0.5939475576994173
-6.248076421876301,20.39926273664676
1.0858577320334057,24.046846620179167
3.023996197537344,24.123657884524647
4.536522627976659,23.968349835616735
5.904234151384935,23.659376982344003
7.181395151789301,23.21458680301088
8.378928930173775,22.643502904004144
9.495022349334786,21.95434288165738
10.5234092741738,21.155636992505748
11.45632604491992,20.2566877601131
12.285793209497854,19.267684820006274
13.00426411419398,18.19969055449712
13.604997222862732,17.064567276859613
14.082292106351606,15.87487344257429
14.43164994352938,14.643741325038398
14.649887409468125,13.384742752915884
14.735218975969257,12.11174704787214
14.687316544227652,10.838774215114043
14.507353007530956,9.57984596563374
14.198036372055057,8.348836990270865
13.763643307334704,7.159328960416575
13.210066450910762,6.024470008432399
12.544901268339501,4.956843054057961
11.777622541783856,3.968347534966041
10.91995405278837,3.0701012560992424
9.986658854687917,2.2723723052573312
8.997275236338464,1.5845517236984534
7.980026030414096,1.015146715253529
6.980383215268055,0.5715301487742579
6.075174150035966,0.2578731003855985
5.36781774967147,0.0664816707525624
4.908203661745137,-0.033851632139606735
4.6383661869372315,-0.08418029443393316
4.476629160556833,-0.11134861016790687
4.372393201458124,-0.12767630576652067
4.300011486630433,-0.13847182858411955
4.246451973976027,-0.14617466224780173
4.204694080570612,-0.15201213138257152
4.170696539818421,-0.15665616197475174
4.141984511643924,-0.16050236889367397
4.11695464386991,-0.1637987255965303
4.094511874956991,-0.166709580722177
4.0738679636959425,-0.169349756732311
4.054422883514585,-0.17180388783278033
4.03569026912859,-0.17413809542154013
10.248076421876306,20.399262736646758
2.0,24.31162077960508
2.3403435992998975,24.286585151795983
3.2752472518653715,24.16811623015724
4.3578706630938004,23.93729491442041
5.479357573291649,23.585915981530334
6.593317376583295,23.11306376000927
7.672285739657819,22.521521111767598
8.696472493725965,21.816421530435424
9.650005981499097,21.004661711239898
10.519478330732506,20.094586077455034
11.293334756371399,19.095776027636564
11.961611370664313,18.0188804974559
12.515827408316456,16.875461689037984
12.948946821108732,15.677844593594742
13.255368071829166,14.438965280112456
13.430919915320509,13.172215774389269
13.472849181094457,11.891284556806427
13.379789264014232,10.60999192801369
13.151696605737607,9.342118799850414
12.789735767461938,8.101225379842019
12.296076802740474,6.9004511928735335
11.673527027761354,5.752275516343303
10.924808069061536,4.6681837989815875
10.050946935231803,3.6580803942988123
9.046946758336917,2.728876252772805
7.88579949293437,1.879358120585886
6.387243151018209,1.0558254781772778
3.0474132834854784,0.06256533417141519
3.3770908108260347,0.1155861001065901
3.5278369212633187,0.14292776886278347
3.6215444255641698,0.1609121323606022
3.6879522217314165,0.1741180505781621
3.738913655897668,0.18451247748183697
3.7802811247577894,0.1931166505819597
3.8153465010457763,0.20052718908138978
3.8461428698237805,0.20712437153357932
3.874025302452778,0.21316910991150984
3.899962449727145,0.21885345756515484
3.9246979513813827,0.22432960714256112
3.9488488675081896,0.22972835980652917
3.9729731385253597,0.2351725428737037
11.49575733687463,16.285041401466216
2.9141422679665934,24.046846620179164
1.6596564007001011,24.286585151795983
2.0,24.234949106664303
2.7885189790927445,24.077043483259608
3.7472354778395083,23.810263833075496
4.770835957111921,23.42849608230452
5.805945237995546,22.92991145785448
6.819357911362209,22.316143419146528
7.787292128792666,21.591383353949716
8.691115360561957,20.761805521582698
9.515449348815128,19.835196375348424
10.247266048273852,18.820690185765677
10.875433682264937,17.72855697471386
11.390477462488093,16.57001409340414
11.78444157304803,15.357045582727194
12.050790907399723,14.10221936330491
12.184312257363342,12.818493989514389
12.18097883495038,11.519004682475096
12.037730725450073,10.216810906253462
11.752087059189082,8.92456876835423
11.321407581637448,7.654042414359533
10.741340541895495,6.415226593631157
10.002042062999365,5.214360833109729
9.076473113946724,4.047844713709003
7.861414725355799,2.870575659990644
2.371681033768632,0.23274763890799477
2.794869134062024,0.3244492117852733
3.0313647913214585,0.3826048766262957
3.1946531358154937,0.4256978405586924
3.3194329959336253,0.4602655658014516
3.4211522405769594,0.48950396666327123
3.5080801702795217,0.5152503869834
3.5852070717372557,0.5386840256871022
3.6558382298232153,0.5606337441696141
3.7223544587094635,0.5817351861938622
3.7866225563391795,0.602522273536227
3.8502458423203305,0.6234889991113892
10.500813668067268,15.321331048079495
3.5224115470390718,23.350228683870263
0.9760038024626532,24.123657884524647
0.7247527481346261,24.16811623015724
1.2114810209072555,24.077043483259608
1.9999999999999991,23.885305458244968
2.926093228548554,23.586932363257333
3.910324447203516,23.176257549357235
4.9061339222569575,22.65127183775615
5.8819879205027785,22.01314610562727
6.814215816458903,21.26555932193785
7.6838008441695855,20.41419708436932
8.474822099344935,19.466389310675684
9.173649399317174,18.430830084695774
9.768500297340397,17.31733919523318
10.249171030442707,16.136638523965686
10.60683825073167,14.900122871056153
10.83386109802665,13.619604128742477
10.923514281236766,12.306997668874105
10.869549162477968,10.973891464232754
10.66537576055921,9.63086376954952
10.302353416001816,8.286199125783416
9.765640072222778,6.942906330739878
9.021374259259819,5.589499538977812
7.951670046724939,4.151688741327456
1.5560478698295483,0.2662480652930963
2.196514646015577,0.43757524772956735
2.5339333951519514,0.5430789962012064
2.766169422979302,0.6220007507795504
2.944900424994012,0.686318055496173
3.092113147460082,0.7416719124855664
3.2193868370692087,0.7912861328200371
3.3336969624427457,0.8372548881134598
3.4397068484233424,0.8810914113333936
3.5408445212318984,0.9240074746564169
3.6398855197978577,0.967081424514884
3.7393187577843356,1.0113809479334623
9.284133891646988,14.952022839299934
3.6978380728440077,22.42018987778453
0.2844924556702537,23.802767767587493
-0.5365226279766615,23.968349835616735
-0.3578706630938009,23.937294914420413
0.2527645221604833,23.810263833075492
1.0739067714514459,23.586932363257333
2.0000000000000004,23.258592226046666
2.9711365697541354,22.819432612134257
3.948148913671902,22.26727875208262
4.90249840281462,21.602990487750105
5.811715637397114,20.82985608288688
6.657171414991948,19.953125776875417
7.422912969355169,18.979650978737734
8.095014141379764,17.917582036518425
8.661173543424919,16.776085981266306
9.110413709132466,15.565049660130514
9.432777278143616,14.294726576299421
9.618909608501362,12.975258274104725
9.659345929168161,11.615926105011877
9.543096122194337,10.223777714800722
9.254382449737452,8.800581320123467
8.763341325002887,7.334153546624287
7.986617881031739,5.760596355925014
1.0021288940825226,0.257873100385563
1.7315876785171151,0.5043485192719785
2.12291944972258,0.658224476469023
2.3970061504182403,0.7754307615816032
2.611312717620741,0.8726687796365056
2.7904386076290897,0.9578149134092033
2.9474746026219116,1.035429616181613
3.0904282205270994,1.1085485752958828
3.2247722340712976,1.179448826858959
3.354656251154035,1.2500486607069767
3.4835798035341283,1.3221629729638344
8.027415199483128,14.711075726879265
3.4815807651007087,21.413825747654045
-0.41695084824390616,23.33306478397615
-1.7700073313743552,23.637838605465177
-1.9042341513849372,23.659376982344003
-1.4793575732916526,23.585915981530334
-0.770835957111923,23.42849608230452
0.08967555279647854,23.17625754935723
1.0288634302458655,22.819432612134257
2.0000000000000004,22.352169260528456
2.9698306052192938,21.772185668568625
3.9126187514243926,21.080086155613493
4.80722315694025,20.278782372178597
5.635565399791409,19.37303760541705
6.381769993603845,18.369086151578443
7.031630074936256,17.274276396429293
7.572206123939919,16.096684546874133
7.991418399294561,14.844627424969348
8.277476128089294,13.525944956646466
8.41786379079372,12.146762194770616
8.397197555523286,10.708951447113792
8.19176058967058,9.203700426830874
7.750810445356915,7.58906865634257
6.864600353709944,5.624167278765397
0.6738532559169914,0.24101891862268943
1.3793206281276906,0.5428523575662005
1.7856391439420922,0.7412693507150507
2.079037809224682,0.8964115091333671
2.313357322697003,1.0277925968526365
2.5126178879432977,1.1449441770087496
2.689980722508475,1.2535632239320087
2.8537247698649053,1.3575894519007097
3.009692752171992,1.4601252415995063
3.1624916977499216,1.5639424817481924
2.9803453115550305,20.40571784145422
-1.126540204004868,22.726610864225925
-2.9621870455247636,23.180203689904033
-3.4125184135295275,23.246433332890938
-3.1813951517893004,23.21458680301088
-2.5933173765832946,23.11306376000927
-1.8059452379955467,22.92991145785448
-0.9061339222569593,22.651271837756145
0.05185108632809765,22.267278752082625
1.0301693947807067,21.772185668568625
2.000000000000001,21.163635267917627
2.937894499126492,20.44195892337342
3.823863093966553,19.609610609916814
4.64030098941225,18.670693011590036
5.371323968311437,17.63051094879121
6.0022740164056305,16.49507641404982
6.519220850595522,15.27045430239355
6.908256788873395,13.961735219494619
7.15420232867463,12.571125731972334
7.237703919079667,11.093675015936617
7.127055666142841,9.505068417467173
6.743684995155327,7.708314117182146
0.4813163569126866,0.22700056954084147
1.1124678786024385,0.5651521474040013
1.5077023688907305,0.8021152645785747
1.8035152765042062,0.9931478023941
2.0453884453292943,1.1585691601385548
2.254868584287239,1.3088879757876235
2.444254765248453,1.450688079077187
2.621573405484299,1.5887605911048102
2.792715450359646,1.7271078823581956
2.9625356671674403,1.8695459889090351
2.2985885475753802,19.41444830365565
-1.8384770284430507,21.997019973530143
-4.099999999999994,22.600459032834458
-4.86798060880699,22.703142653342464
-4.838659821149156,22.700130684694766
-4.3789289301737755,22.643502904004144
-3.672285739657817,22.521521111767594
-2.8193579113622063,22.31614341914653
-1.8819879205027785,22.013146105627268
-0.9024984028146186,21.60299048775011
0.0873812485756087,21.080086155613493
1.0621055008735079,20.44195892337342
1.9999999999999991,19.68855766253545
2.881969760697481,18.821672425655983
3.690708434690932,17.844385412594676
4.410122668562136,16.760453145585192
5.024765862196852,15.573462053666933
5.519041611007784,14.285438963352139
5.87570830448733,12.89411693591509
6.072353857390492,11.386364097427691
6.070473896371673,9.717238072496002
5.756631649733115,7.691438611371748
-0.988004100847327,-0.511831719145583
0.3607526083617847,0.21666092091616385
0.906855943134957,0.5783196410021372
1.2759149569285633,0.8476974898160972
1.5622577822758137,1.0718380507599967
1.8019995699823639,1.2704358115652248
2.013437584572155,1.454410620309634
2.207521138908665,1.6310209913409341
2.391702583752834,1.805887375564133
2.5716909126541028,1.9840312240237505
1.5178478995023585,18.434134162401875
-2.5435238844955546,21.158348625713927
-5.170980077968172,21.904956438038663
-6.2563584514403034,22.035674895478166
-6.436882902420119,22.0479012928462
-6.113408415311527,22.024082457781372
-5.495022349334786,21.954342881657375
-4.6964724937259685,21.816421530435424
-3.787292128792668,21.591383353949716
-2.814215816458902,21.26555932193785
-1.8117156373971168,20.82985608288688
-0.8072231569402524,20.278782372178597
0.17613690603344878,19.609610609916814
1.1180302393025219,18.821672425655983
2.0,17.91569713458644
2.8048244411761303,16.89306394483122
3.5159134089574966,15.754759458618608
4.116482717413092,14.499605979516957
4.587994401446931,13.120625609866057
4.906341001440097,11.595787023247198
5.02901128463415,9.855490016582696
4.802795609382962,7.531483055468948
-0.5604278368991729,-0.38380167153268907
0.27915614874309114,0.20897890767926697
0.7443282922442975,0.5862638297235065
1.0793850659163802,0.882712132451891
1.3481564099226198,1.1370631828819509
1.5782822272659107,1.3676306569256198
1.7847409595189614,1.5853793554957551
1.9769486601215238,1.7981178497949273
2.1615981900658348,2.012337010533747
0.6973303610408603,17.45252060620529
-3.2299937283880045,20.22439392331137
-6.16339339757807,21.101315977488515
-7.563995689727792,21.251633482098
-7.962347068551052,21.264710216278324
-7.782974287922426,21.260434334185597
-7.260208437378,21.232888844160236
-6.5234092741737975,21.155636992505748
-5.6500059814990955,21.004661711239898
-4.69111536056196,20.761805521582698
-3.683800844169583,20.41419708436932
-2.657171414991949,19.95312577687542
-1.6355653997914068,19.373037605417053
-0.640300989412248,18.670693011590032
0.30929156530906887,17.844385412594676
1.1951755588238715,16.89306394483122
2.0,15.815102652144034
2.706316502532898,14.606168914889468
3.2951269561014893,13.254721118534311
3.7422689543147456,11.730049277328789
4.00551906102821,9.936751598847886
3.8907567716026072,7.185552233800813
-0.3916938911065424,-0.33792399989593314
0.22003802723364352,0.20306739797103113
0.61215496618963,0.5911234574953603
0.9095697983267677,0.9103053920370208
1.1552550703594626,1.1921817872104468
1.3698851794836973,1.4534436758789742
1.5653958840557731,1.7049363635405568
1.7496517770004036,1.9550002393836357
1.9284651412634695,2.2111213440752877
-0.1204986958755434,16.45865967398178
-3.8848480599828576,19.20838605547048
-7.066366870824204,20.198342504242376
-8.777958770385412,20.359983936232766
-9.402010775708183,20.358775440347955
-9.374455735014728,20.35950266454357
-8.9543951267385,20.36287954776187
-8.286471116448382,20.338440116679667
-7.4563260449199245,20.256687760113095
-6.5194783307325075,20.09458607745503
-5.515449348815128,19.835196375348424
-4.474822099344935,19.466389310675687
-3.4229129693551688,18.979650978737734
-2.381769993603843,18.369086151578447
-1.3713239683114367,17.63051094879121
-0.41012266856213664,16.760453145585196
0.4840865910425034,15.754759458618611
1.2936834974671019,14.606168914889466
2.0,13.299104086501703
2.5804423363547624,11.795450017672422
2.998032661674289,9.97730186281276
-1.2049521454684076,-1.1660309424312842
-0.2906671874577835,-0.31169333161605906
0.1747330429829841,0.19834020359168392
0.5015798047061679,0.594087193294401
0.7599006149592622,0.932593490386985
0.9786280550476416,1.239660521505452
1.1729641464299512,1.5304377728888081
1.3521846773607233,1.8156549311781376
1.5226400852917585,2.1042736856621795
-4.494693730885024,18.122966367970292
-7.870007331374355,19.205929184632478
-9.886142796762012,19.370969407748618
-10.743623502967028,19.339660975449696
-10.87541731732417,19.32948125040519
-10.564747722226514,19.35118269489202
-9.972431955762929,19.370550119421225
-9.192781152379174,19.352169047132207
-8.285793209497852,19.267684820006274
-7.293334756371403,19.095776027636564
-6.247266048273856,18.820690185765677
-5.173649399317172,18.430830084695774
-4.095014141379763,17.91758203651842
-3.0316300749362535,17.274276396429297
-2.0022740164056305,16.49507641404982
-1.0247658621968512,15.573462053666933
-0.11648271741309202,14.499605979516957
0.7048730438985125,13.254721118534311
1.4195576636452376,11.795450017672422
2.0000000000000018,9.989299781819916
-0.7935342174276396,-0.9811752083228322
-0.2204465141781995,-0.29400324654318233
0.13837130898847505,0.1944224030736983
0.40654077541097955,0.5958330066908557
0.625328027042718,0.9510174000769034
0.8141854622870959,1.281326068786253
0.9840786924888807,1.600628510375988
1.141975601457256,1.919672442052593
-5.046578870875442,16.980321686738108
-8.56550992617015,18.134949106664305
-10.877364948633485,18.29601354726061
-11.975829642378669,18.218209368469974
-12.274276996080403,18.179739860642293
-12.079156485737395,18.20573723871083
-11.568631214924206,18.258690212356278
-10.846308368735597,18.296768106127654
-9.976812143598222,18.28578823551414
-9.004264114193978,18.19969055449712
-7.961611370664313,18.0188804974559
-6.875433682264939,17.72855697471386
-5.768500297340394,17.31733919523318
-4.661173543424918,16.776085981266306
-3.5722061239399183,16.096684546874133
-2.519220850595522,15.27045430239355
-1.5190416110077845,14.285438963352139
-0.5879944014469327,13.120625609866055
0.2577310456852562,11.730049277328787
1.0019673383257128,9.977301862812759
-1.338592627579839,-1.8814783821654784
-0.5634678631707857,-0.8856391668902717
-0.1672301502741682,-0.28089160714963146
0.10803389676394737,0.19106927947996954
0.3227555767247896,0.5967578339248067
0.5019170858112094,0.9665743080799025
0.6584698216185298,1.3185484817652355
0.8000657846045822,1.6656241969531491
0.9316117120168403,2.0187999268925267
-5.528570475343016,15.792369852481464
-9.145254583239721,16.99713615218907
-11.741443626976542,17.14761106868162
-13.08825860780436,17.006469313909445
-13.560416376769655,16.920740198438928
-13.486340295152036,16.935462190174203
-13.063060809050766,17.01050723052319
-12.40432267266322,17.097043762692685
-11.579603798253325,17.154452657765052
-10.63521283637262,17.151520801577746
-9.60499722286273,17.06456727685961
-8.515827408316456,16.875461689037984
-7.390477462488092,16.57001409340414
-6.249171030442708,16.136638523965686
-5.110413709132467,15.565049660130516
-3.9914183992945613,14.84462742496935
-2.9082567888733966,13.961735219494619
-1.8757083044873273,12.894116935915093
-0.9063410014401008,11.595787023247201
-0.005519061028209649,9.936751598847884
-0.8486330721145361,-1.5814805389903572
-0.4039140413442386,-0.8225863608440873
-0.12442503236462876,-0.2705288850946461
0.0818660961183113,0.18811527698891162
0.24711136553378665,0.5970984909561707
0.38652398628960327,0.9799661798087458
0.5084672274441626,1.352371543426274
0.61790123914456,1.7267326572963309
-9.60288949880087,15.804956438038664
-12.469261745401742,15.939206118900174
-14.071598301646294,15.717621187151316
-14.724282029124304,15.563942580969426
-14.775941509285001,15.550149136071049
-14.444442161321746,15.634474384981129
-13.854777515849067,15.760378483205928
-13.081600075816151,15.880061626439394
-12.173357959026829,15.95666256305657
-11.164611397460865,15.962132343277977
-10.082292106351604,15.874873442574287
-8.948946821108732,15.677844593594743
-7.784441573048029,15.357045582727196
-6.606838250731669,14.900122871056153
-5.432777278143615,14.29472657629942
-4.277476128089292,13.525944956646466
-3.1542023286746304,12.571125731972332
-2.072353857390489,11.38636409742769
-1.0290112846341497,9.855490016582689
0.10924322839739098,7.185552233800816
-1.079748989792476,-2.402797041653064
-0.5620021747127311,-1.4202534613787159
-0.28148191716342374,-0.7759502542661072
-0.08840098320430556,-0.2619344122765557
0.058624245277519194,0.1854435926927951
0.1772634113665763,0.5969965508894628
0.2765456601642171,0.9916948392410387
0.3614358529042825,1.3836044151539428
-9.933400728952428,14.57147173464097
-13.05281285434543,14.685058197893028
-14.917648404993116,14.365904091436438
-15.757476776532707,14.121704645637102
-15.938610058367,14.060337023721264
-15.702289884087133,14.139775384695703
-15.186212470851729,14.294890532229449
-14.470633207124663,14.469772451545595
-13.606106919483972,14.621308683184981
-12.627709821916083,14.71674983782082
-11.56219595527815,14.730874066901219
-10.431649943529383,14.643741325038398
-9.25536807182917,14.438965280112456
-8.050790907399726,14.102219363304911
-6.833861098026652,13.619604128742477
-5.618909608501363,12.975258274104725
-4.41786379079372,12.146762194770616
-3.237703919079669,11.093675015936615
-2.0704738963716736,9.717238072496002
-0.8027956093829651,7.5314830554689625
-1.2987930438681268,-3.442199592058813
-0.6335367759728818,-2.0627245543514885
-0.35580006108523854,-1.3104453697328546
-0.1813136697633464,-0.7389086036691057
-0.056951375080192435,-0.2545256956658566
0.03742965060186165,0.1829678646579751
0.11136756395558223,0.59653376972055
0.16972354986579674,1.0021228458205267
-10.133167123492923,13.31019635852968
-13.48522922573741,13.400094800254355
-15.619348896466374,12.966549003415016
-16.652839887984193,12.607173747475727
-16.96607433393104,12.47716708264864
-16.826957704223393,12.536167728640175
-16.387782950410006,12.709329819581367
-15.73495856858955,12.931451539112096
-14.921117952751164,13.152424112282935
-13.98163487518229,13.334400081602814
-12.942827588843734,13.448350797422192
-11.826073736867803,13.471381625177727
-10.649887409468123,13.384742752915882
-9.430919915320507,13.172215774389267
-8.18431225736334,12.81849398951439
-6.923514281236766,12.306997668874102
-5.659345929168158,11.61592610501188
-4.397197555523282,10.708951447113783
-3.1270556661428426,9.505068417467179
-1.7566316497331105,7.691438611371732
-0.6123493467616612,-2.7385735905929285
-0.3422620457788188,-1.8575721569635961
-0.1925441110683508,-1.2270561020780382
-0.0954363980428603,-0.7079418418811623
-0.028625111344073417,-0.24792794361386772
0.017626792758054677,0.1806207380269904
0.04789545057128208,0.5957514338266965
-13.76079175711084,12.099749133388464
-16.170777527394684,11.535723897005223
-17.404515146994235,11.034175188237116
-17.851195765864865,10.812214685986909
-17.809660659160762,10.833822376662082
-17.449265353506334,11.012956607944936
-16.863257212303726,11.273598900612763
-16.10630706422996,11.557714528398213
-15.213828346217799,11.821879660169703
-14.211413436886629,12.03304682887555
-13.119468934230426,12.16530216965387
-11.95550605111832,12.197549864991752
-10.73521897596926,12.11174704787214
-9.47284918109446,11.89128455680642
-8.180978834950384,11.519004682475098
-6.869549162477973,10.973891464232766
-5.54309612219434,10.223777714800729
-4.191760589670578,9.203700426830869
-2.7436849951553324,7.70831411718215
-0.49412795931991127,-3.436940466057593
-0.2382320789550647,-2.3991890719700097
-0.12038124982899845,-1.7096230141517053
-0.05520358565665795,-1.1592756592601774
-0.019021165049618816,-0.6809953175249127
-0.002398070770913918,-0.24188256668651628
-0.0013036520074081182,0.178346318919708
-16.567107307090836,10.090498409914842
-18.00800580510565,9.417099097978843
-18.588002874579118,9.077293278192919
-18.642465280836443,9.043136221276354
-18.361028788130657,9.215402827425986
-17.84461046839739,9.505263632037419
-17.149835406137573,9.84559081645966
-16.31183397550157,10.186809428326196
-15.355134138752938,10.49160995609702
-14.298877687321951,10.73098853433004
-13.159336048244919,10.881519478555727
-11.951069905438576,10.923393680762198
-10.687316544227652,10.838774215114048
-9.37978926401423,10.609991928013695
-8.037730725450071,10.216810906253462
-6.665375760559205,9.630863769549515
-5.2543824497374505,8.800581320123467
-3.7508104453569153,7.589068656342575
-0.276535473759834,-4.149318566663829
-0.04392441182532991,-2.915433417637929
0.034037763404709764,-2.1691853035524646
0.06270143365189185,-1.5927218758059234
0.06559440960920604,-1.1014167064842062
0.05114513387040809,-0.6567532623509846
0.022505539962203613,-0.23619860096904155
-0.01980234200147457,0.176094772098081
-18.460215433790232,7.77078981556132
-19.17169876192146,7.284222841992335
-19.318235958577795,7.174512776720611
-19.11396147519166,7.326516831012041
-18.668437031466198,7.635954258397746
-18.040069817771787,8.025134090533841
-17.263283953278673,8.437644530174591
-16.361135166053657,8.831642032798962
-15.351165329253188,9.174962552688124
-14.248145519550489,9.441872780190453
-13.065311324342991,9.61085480108359
-11.814775624282369,9.66290064054476
-10.507353007530952,9.579845965633739
-9.151696605737609,9.34211879985041
-7.752087059189082,8.924568768354234
-6.302353416001819,8.286199125783416
-4.763341325002884,7.334153546624275
-2.864600353709939,5.624167278765389
0.04037495839870431,-4.875046903882076
0.2370731674192399,-3.384794481650836
0.266490235652002,-2.5881021952797783
0.2544703932156498,-1.9926499320069189
0.22203150752559964,-1.4946650828243706
0.1757076209395958,-1.050085622727123
0.1173901784472946,-0.6343032646717552
0.046720091011366094,-0.23072447135714258
-19.598632885926243,5.4445511326672555
-19.830520168094296,5.238105321656922
-19.699335687544583,5.356194458679237
-19.324380647907304,5.675551118726466
-18.765508416466034,6.106069330959992
-18.055863668599972,6.583693667008086
-17.216527061099363,7.06175491302297
-16.263051722034,7.504871295606549
-15.208417963874211,7.8850415525877295
-14.06432535170516,8.179107009949746
-12.841622204489855,8.366942091106418
-11.55016024154181,8.42987871831598
-10.198036372055057,8.348836990270858
-8.78973576746194,8.101225379842024
-7.321407581637456,7.654042414359537
-5.765640072222776,6.94290633073987
-3.986617881031737,5.76059635592501
0.4512606703797992,-5.650821968397774
0.5971018638014467,-3.7845246461660413
0.5694643585896149,-2.9491531601168264
0.5134998753985194,-2.344136182641759
0.4445939606627771,-1.8469518735287636
0.36641040731940855,-1.4086814840273667
0.27919600379617115,-1.0030515838111391
0.18155207424715591,-0.612961748647165
0.07081007044248899,-0.22532986127255317
-20.173346509455644,3.243515616148705
-20.108589151442274,3.3142030744771533
-19.80213395741302,3.634233110622392
-19.31466272878068,4.098760507108417
-18.677249709734546,4.6351589112727885
-17.90837187235107,5.191642012211205
-17.021138939633904,5.729584698684998
-16.026416177573402,6.218790617005557
-14.934135900352462,6.634552943145937
-13.753721810683894,6.955694424071658
-12.493965615054096,7.163033717523729
-11.162373280147879,7.237800944232283
-9.763643307334704,7.159328960416576
-8.296076802740474,6.90045119287353
-6.741340541895493,6.415226593631153
-5.021374259259821,5.589499538977818
1.023657875366549,-4.091802317501088
0.9320664961685381,-3.2364073536519267
0.8304537212475989,-2.633580035779828
0.7251892511584277,-2.1457064092698754
0.6161711474291902,-1.7204491193562914
0.5016817538694021,-1.3305381143466803
0.37916369906835,-0.9587156450520125
0.24522287924836483,-0.5921729521206247
0.09532557321135648,-0.21989247997971617
-20.332992712523694,1.2100123131419682
-20.09118156524078,1.5224392306272545
-19.675888511169518,2.014246855869308
-19.115018136163492,2.6032125888809805
-18.42365483844349,3.2321786597617486
-17.61193459375734,3.859312195328485
-16.688249150089394,4.452348762047279
-15.660515035765062,4.985166797716744
-14.536555788742906,5.435631528327514
-13.323979747788679,5.7840584079353885
-12.029614057506123,6.011828891319629
-10.658272834269301,6.099647332725686
-9.210066450910759,6.024470008432397
-7.673527027761357,5.752275516343307
-6.002042062999365,5.214360833109726
-3.9516700467249386,4.151688741327455
1.4988896063283441,-4.286091534765316
1.340152425722664,-3.4363175934954224
1.1934645532449508,-2.8493817215083075
1.0535316848376315,-2.380070962818018
0.9158979699501337,-1.974800280846182
0.7767035291441253,-1.6062049519267392
0.6321862452314342,-1.2573147476861264
0.4782376230356178,-0.9158279282597537
0.3099237560947863,-0.5714430252861415
0.12085419262879071,-0.21428662603703685
-20.18044401388611,-0.6491018656802314
-19.83716025640652,-0.1356504787935302
-19.356524278492657,0.5001343268648943
-18.7492447639112,1.195568948759428
-18.02187426435767,1.9057520160694885
-17.179944247239305,2.5965591354711517
-16.229097848709788,3.240646490072704
-15.175376330409684,3.815059234908645
-14.025066101831417,4.299655763782184
-12.78419279366145,4.675855916988228
-11.457522403941843,4.925291905348468
-10.046555438159706,5.027742427523563
-8.544901268339506,4.956843054057966
-6.924808069061536,4.668183798981586
-5.07647311394673,4.047844713709006
2.0,-4.352660374116438
1.7768018758046118,-3.5389234578738282
1.588513022305202,-2.9826258302580744
1.4174554640069044,-2.5413814298255755
1.2547585308224924,-2.1630279504713945
1.0944537305560331,-1.8211582471580838
0.9316300749362529,-1.4995931803397529
0.7615294379820696,-1.186798770402179
0.5788893198081908,-0.8733171167653344
0.37725871689949564,-0.5502898922024988
0.148080173131671,-0.2083711738245455
-19.7857915018181,-2.338109234514305
-19.388763250509214,-1.660460752942579
-18.871853790571727,-0.9044384957578115
-18.237352814067997,-0.11771027997862049
-17.48753254212339,0.6640619966186172
-16.62551144403818,1.4125834884242021
-15.655373826940176,2.104273685662184
-14.581944945762999,2.7186284044242814
-13.410311095222339,3.2370517066851026
-12.144994925871849,3.6417770500975415
-10.788454531308231,3.914454676048649
-9.337954006904738,4.0335832945172125
-7.777622541783847,3.9683475349660426
-6.050946935231794,3.658080394298805
-3.861414725355779,2.8705756599906334
2.501110393671654,-4.2860915347653155
2.2231981241953864,-3.5389234578738273
2.0,-3.027682708654445
1.8033430292867614,-2.6235913535128175
1.6205266161014613,-2.2786412703338232
1.443755797737925,-1.9684501781630344
1.2671441430119899,-1.6781370320265943
1.085410454153994,-1.3971967448004996
0.8930687265076269,-1.1171431477927678
0.6837024803861009,-0.8301712103953189
0.44908247799092216,-0.528197022229647
0.17786420804293002,-0.20197444361597672
-19.19823423588285,-3.8632632130752125
-18.778018711551784,-3.0522393826553422
-18.244783575979582,-2.195735744731829
-17.597162692155983,-1.3304766895536115
-16.835530107516817,-0.48533867578063905
-15.961865870215895,0.3157345512192542
-14.979412045402679,1.0520267661374962
-13.89218267921192,1.7049363635405648
-12.704258655029939,2.2570841364291248
-11.41864846793754,2.6913248425563925
-10.035150241429612,2.9891931044525446
-8.545555695142067,3.12764608547203
-6.919954052788367,3.0701012560992442
-5.04694675833691,2.7288762527727943
3.548739329620199,-5.650821968397773
2.9763421246334474,-4.091802317501089
2.659847574277336,-3.4363175934954198
2.4114869776948,-2.9826258302580735
2.1966569707132386,-2.6235913535128175
2.0,-2.3176310895043875
1.8124111215662317,-2.043310257367353
1.6273150371128615,-1.7874913843996856
1.4390946373589415,-1.5409284424739056
1.2421793335876945,-1.2962187642080325
1.0303006453905432,-1.0466418229012202
0.7956546984568895,-0.7853369099478229
0.5277219629838878,-0.5045613492415129
0.2113653320556601,-0.1948722830772489
-18.454143177564244,-5.229939393518968
-18.0307172645555,-4.310681091779099
-17.495268621718665,-3.3700791728958066
-16.84527660162181,-2.4371083832906963
-16.080523878603803,-1.5357389612919992
-15.202585599408359,-0.6866902428724302
-14.214295608913899,0.09150391599863994
-13.11911443506521,0.781738894945617
-11.920242383202256,1.3676306569256145
-10.619136487890795,1.8325657776777504
-9.212552189409324,2.157959384317273
-7.685315701586829,2.319145997150015
-5.986658854687921,2.272372305257335
-3.8857994929343915,1.8793581205858931
3.9596250416012966,-4.875046903882072
3.4028981361985524,-3.7845246461660356
3.0679335038314592,-3.236407353651927
2.8065354467550483,-2.849381721508304
2.582544535993093,-2.5413814298255746
2.3794733838985396,-2.2786412703338224
2.187588878433771,-2.0433102573673523
2.000000000000001,-1.8243175281622772
1.8109896827293062,-1.6138448318885317
1.6150700615231424,-1.405651304697276
1.406250410346435,-1.1941144579966352
1.1772581874056085,-0.9735519774399073
0.9184829903561047,-0.7376151329294416
0.6163120508244928,-0.47862397742464324
0.25024516389242724,-0.18675292443187175
-17.582069363635632,-6.4421516918349155
-17.168828447367158,-5.435106744864058
-16.641498722038214,-4.424109052324933
-15.997660578833019,-3.432746431828355
-15.237200838824265,-2.481478702146502
-14.361709915127234,-1.588642472637794
-13.373888009732884,-0.7710955372511137
-12.276830982150237,-0.04473243503628055
-11.072979647950556,0.5749332167694376
-9.762257782275825,1.0718380507599985
-8.33810200245336,1.4274421468856886
-6.776863274509315,1.615699213632869
-4.99727523633847,1.5845517236984499
-2.387243151018206,1.055825478177269
4.276535473759836,-4.149318566663823
3.76292683258076,-3.3847944816508253
3.430535641410387,-2.9491531601168255
3.169546278752403,-2.6335800357798274
2.946468315162372,-2.380070962818017
2.7452414691775076,-2.1630279504713936
2.556244202262075,-1.9684501781630352
2.3726849628871403,-1.7874913843996847
2.189010317270693,-1.6138448318885317
2.0,-1.4424621898048535
1.800081544651257,-1.2688055860364607
1.5826260827987522,-1.088313269357533
1.339021030791284,-0.8959201673724717
1.0572351723681548,-0.6855309440358184
0.7193579113622084,-0.4493665070236208
0.2970384877924541,-0.1771559378954901
-16.605765666803205,-7.50285470265172
-16.21195992552881,-6.424808614019731
-15.70060882996638,-5.355064812651066
-15.069977295931931,-4.313521548805954
-14.320412422054563,-3.318146700881546
-13.453767782383427,-2.3855139141667703
-12.472808681597616,-1.5311731065850704
-11.380449027390053,-0.7699997366278861
-10.178555568822233,-0.11667809172681487
-8.865702322028987,0.41340314532452105
-7.432076459940279,0.8021152645785801
-5.844662255501595,1.022787062965147
-3.9800260304140904,1.015146715253536
4.4941279593199095,-3.436940466057588
4.043924411825326,-2.915433417637928
3.733509764347998,-2.588102195279781
3.4865001246014806,-2.3441361826417584
3.2748107488415688,-2.1457064092698737
3.0841020300498645,-1.9748002808461784
2.9055462694439624,-1.8211582471580812
2.7328558569880084,-1.6781370320265943
2.560905362641056,-1.5409284424739038
2.3849299384768585,-1.405651304697276
2.199918455348744,-1.2688055860364624
2.0,-1.1268738985618345
1.7776508910688866,-0.9759584134719788
1.522484496123802,-0.8113765601095366
1.2191941285975672,-0.6271498689765185
0.8437581924707818,-0.41534312538525064
0.35588307919316176,-0.16535794672339854
-15.545990981079516,-8.414440176343817
-15.178228059407266,-7.279407126860359
-14.689088018196767,-6.161044503336383
-14.077753612364019,-5.076759971527921
-13.345210009716492,-4.042764257201391
-12.493739432613632,-3.074319968932018
-11.526354924707071,-2.1859328772908295
-10.446018616895612,-1.391578450968039
-9.254344732039526,-0.7050895705738345
-7.949045140599077,-0.14096806349735402
-6.5178335208412435,0.2836344351539122
-4.9193352908764085,0.5428523575661917
-2.9803832152680547,0.5715301487742561
5.2987930438681285,-3.4421995920588166
4.612349346761658,-2.7385735905929245
4.238232078955063,-2.3991890719700084
3.9659622365952925,-2.1691853035524638
3.745529606784348,-1.9926499320069198
3.5554060393372215,-1.8469518735287647
3.383828852570814,-1.7204491193562905
3.223296470855875,-1.6062049519267383
3.0683699250637457,-1.4995931803397529
2.9145895458460065,-1.3971967448004996
2.757820666412305,-1.2962187642080316
2.5937495896535627,-1.194114457996637
2.417373917201251,-1.088313269357533
2.222349108931112,-0.9759584134719805
2.0000000000000004,-0.8536097370732936
1.7376518663564435,-0.7168576156190465
1.415564367694539,-0.5597990729365776
1.0008286257375683,-0.37439341649635516
0.4341029900519273,-0.1501406407634729
-14.421576085183593,-9.179221301367196
-14.084760983071106,-7.999167526163642
-13.622991930311672,-6.841230424614244
-13.03643346237043,-5.721165022720695
-12.326804788218109,-4.653951902093472
-11.496958179878126,-3.6538720756883762
-10.550364101422803,-2.7345777151927493
-9.490354633183825,-1.9092189447190346
-8.318815423565502,-1.1907246179416582
-7.033528778394881,-0.5924600412007841
-5.621629123224004,-0.1299216692436893
-4.038117637868188,0.17383728912043317
-2.075174150035847,0.25787310038557365
5.079748989792472,-2.4027970416530646
4.633536775972884,-2.062724554351492
4.342262045778815,-1.85757215696359
4.120381249829,-1.709623014151708
3.937298566348107,-1.592721875805923
3.777968492474401,-1.494665082824369
3.633589592680591,-1.408681484027369
3.4983182461305993,-1.3305381143466821
3.3678137547685663,-1.2573147476861237
3.238470562017929,-1.1867987704021807
3.1069312734923726,-1.117143147792767
2.9696993546094537,-1.0466418229012184
2.82274181259439,-0.9735519774399073
2.6609789692087165,-0.8959201673724735
2.4775155038761967,-0.8113765601095366
2.2623481336435565,-0.7168576156190465
2.0000000000000004,-0.60820923185819
1.6648178524372628,-0.4796354891880288
1.2107128498628486,-0.32313689587693517
0.546100783251767,-0.1292729380249522
-13.250037495569243,-9.799843609855245
-12.947966738602133,-8.585263547582809
-12.518022270464106,-7.396078367603701
-11.961346356336994,-6.246972603311771
-11.280464026458871,-5.152075712159545
-10.47895154568249,-4.124932157411312
-9.561000959758779,-3.1784875930948413
-8.530753796903529,-2.3251283401831735
-7.39112775482756,-1.5768417366224199
-6.14141667484461,-0.9456564465433104
-4.77136769254175,-0.4448335440520754
-3.241769229255299,-0.0927023769624924
-1.3678177496714787,0.06648167075257483
5.338592627579834,-1.8814783821654721
4.848633072114534,-1.5814805389903537
4.562002174712724,-1.4202534613787083
4.3558000610852385,-1.3104453697328537
4.192544111068353,-1.2270561020780448
4.055203585656654,-1.159275659260171
3.934405590390788,-1.1014167064842049
3.8242923790604046,-1.0500856227271225
3.7208039962038293,-1.003051583811141
3.6208363009316487,-0.9587156450520133
3.5217623769643844,-0.9158279282597537
3.4211106801918096,-0.8733171167653335
3.3162975196139004,-0.8301712103953207
3.20434530154311,-0.7853369099478247
3.081517009643895,-0.7376151329294416
2.9427648276318474,-0.6855309440358184
2.780805871402428,-0.6271498689765185
2.5844356323054622,-0.5597990729365758
2.3351821475627386,-0.4796354891880288
1.999999999999996,-0.38102878874089896
1.51327172722737,-0.2561236402333247
0.7247527481346283,-0.09821801682863018
-12.04790910228346,-10.279612991317803
-11.78364657127276,-9.039988372911939
-11.389512055140054,-7.827470395089425
-10.867609041949203,-6.6560777682813805
-10.221348155993377,-5.539366255830394
-9.455214403111615,-4.490335896344726
-8.574447041103749,-3.5213562154385425
-7.5845456381550465,-2.64412916251254
-6.490413073901805,-1.869727102824216
-5.29465313581545,-1.2087922332711933
-3.993551836846315,-0.6721405401340252
-2.5648764654363903,-0.27266128941369594
-0.9082036617451534,-0.033851632139581866
5.2049521454684085,-1.1660309424312878
4.79353421742764,-0.981175208322826
4.563467863170786,-0.8856391668902717
4.403914041344239,-0.8225863608440864
4.2814819171634255,-0.7759502542661085
4.181313669763344,-0.738908603669099
4.09543639804286,-0.7079418418811638
4.019021165049618,-0.6809953175249035
3.9488548661295915,-0.6567532623509837
3.882609821552706,-0.6343032646717539
3.8184479257528436,-0.6129617486471641
3.754777120751634,-0.5921729521206238
3.6900762439052093,-0.571443025286138
3.6227412831005044,-0.5502898922024979
3.5509175220090756,-0.5281970222296462
3.47227803701611,-0.5045613492415111
3.3836879491755005,-0.47862397742464324
3.280642088637791,-0.4493665070236208
3.156241807529219,-0.41534312538525064
2.999171374262435,-0.37439341649635516
2.7892871501371475,-0.32313689587693517
2.486728272772629,-0.2561236402333247
1.9999999999999971,-0.16505089333569423
1.0650963474345339,-0.04658197169695022
-10.830893010152927,-10.622747328753862
-10.607002344595253,-9.366916135709753
-10.252340198316885,-8.138830184976023
-9.769969781101516,-6.952126620403017
-9.16428797675756,-5.8199980135814275
-8.44090294933277,-4.755062673991191
-7.606466120004621,-3.7692465368334798
-6.668427270470491,-2.8736836020867766
-5.6346464820004645,-2.0786473146367364
-4.512704969866049,-1.3935391467446543
-3.3084842192235753,-0.8270004078926032
-2.022597000772209,-0.3873498558292976
-0.6383661869371648,-0.08418029443405572
0.9525867165145485,0.06256533417138854
4.988004100847328,-0.5118317191455706
4.560427836899175,-0.3838016715326926
4.3916938911065415,-0.33792399989593314
4.290667187457784,-0.31169333161606083
4.2204465141781995,-0.29400324654318233
4.167230150274171,-0.2808916071496288
4.12442503236463,-0.27052888509464523
4.088400983204312,-0.2619344122765561
4.056951375080193,-0.2545256956658619
4.028625111344073,-0.24792794361386683
4.002398070770912,-0.24188256668651675
3.9774944600377955,-0.2361986009690451
3.953279908988635,-0.2307244713571439
3.9291899295575146,-0.22532986127255228
3.9046744267886444,-0.21989247997971795
3.8791458073712093,-0.21428662603703685
3.8519198268683255,-0.20837117382454728
3.822135791957071,-0.20197444361597583
3.7886346679443426,-0.19487228307724713
3.7497548361075737,-0.18675292443187175
3.7029615122075485,-0.1771559378954919
3.6441169208068365,-0.16535794672340032
3.5658970099480714,-0.1501406407634729
3.4538992167482316,-0.129272938024954
3.2752472518653657,-0.09821801682863018
2.934903652565464,-0.04658197169695022
2.0,0.04528653261921001
-9.613891000050359,-10.834561037343537
-9.432568370104363,-9.571016196397311
-9.120789754338801,-8.335197285410846
-8.68259991895902,-7.140563440159981
-8.123499173150485,-6.000110309674615
-7.450439347267619,-4.926219376580795
-6.671828754491471,-3.9305097002680327
-5.797567309419834,-3.023690020102988
-4.839151530562111,-2.2154055289606465
-3.8099293459993655,-1.5140654650300824
-2.725675904178517,-0.9266179742968319
-1.6058779048558716,-0.45818753591811756
-0.47662916055683846,-0.11134861016791753
0.6229091891740322,0.11558610010643555
1.6283189662313735,0.23274763890797878
2.443952130170457,0.2662480652930803
2.997871105917482,0.25787310038557365
3.3261467440830135,0.2410189186226983
3.518683643087314,0.22700056954084147
3.6392473916382135,0.2166609209161674
3.720843851256907,0.20897890767926341
3.779961972766362,0.20306739797102757
3.825266957017017,0.1983402035916857
3.8616286910115214,0.19442240307370717
3.8919661032360535,0.19106927947997043
3.9181339038816905,0.18811527698890984
3.9413757547224817,0.18544359269278665
3.9625703493981383,0.18296786465797688
3.982373207241946,0.18062073802699352
4.001303652007407,0.17834631891970965
4.019802342001473,0.17609477209807878
-8.410954483142977,-10.921589804634923
-8.274086798326401,-9.658719600127476
-8.008358895263115,-8.423252879436056
-7.618835736590587,-7.228617722462917
-7.112233494366325,-6.087743570488302
-6.4970268661619786,-5.01289641939484
-5.783609496661016,-4.015504870150542
-4.984551446252907,-3.10596649049549
-4.115019248781785,-2.2934128308978323
-3.19344772433593,-1.5853901258484182
-2.242548605187843,-0.9873739150098242
-1.2905999768176493,-0.5019772087107643
-0.37239320145812194,-0.127676305766542
0.4721630787366786,0.1429277688627355
1.2051308659379525,0.3244492117854261
1.8034853539844258,0.43757524772956913
2.2684123214828906,0.5043485192719945
2.620679371872307,0.5428523575661899
2.887532121397568,0.5651521474040084
3.0931440568650403,0.5783196410021425
3.2556717077557003,0.5862638297234977
3.3878450338103723,0.5911234574953674
3.4984201952938245,0.5940871932944081
3.5934592245890187,0.5958330066908601
3.677244423275208,0.5967578339248139
3.7528886344662147,0.5970984909561707
3.822736588633422,0.5969965508894628
3.8886324360444173,0.596533769720553
3.952104549428719,0.5957514338266972
-7.235176989575407,-10.891659245654315
-7.144339425043012,-9.637933510129583
-6.927531720700789,-8.411285369794914
-6.590875578266799,-7.2252107045630485
-6.142374511537612,-6.092659940344602
-5.592098294150813,-5.025854206674285
-4.952426354856496,-4.03607452355771
-4.23836892226974,-3.1334027446520363
-3.467961605603505,-2.3263774597120257
-2.6626578076545213,-1.621508420886105
-1.8474761710399408,-1.0225826594359333
-1.0503688910374613,-0.5297389994486945
-0.30001148663043065,-0.1384718285841391
0.37845557443582756,0.1609121323606022
0.9686352086785432,0.3826048766262762
1.4660666048480766,0.5430789962010358
1.8770805502774293,0.6582244764690071
2.214360856057905,0.7412693507150578
2.4922976311092646,0.8021152645785836
2.7240850430714363,0.8476974898161078
2.9206149340836185,0.8827121324518998
3.0904302016732332,0.9103053920370243
3.2400993850407347,0.932593490386985
3.3746719729572794,0.9510174000769052
3.4980829141887932,0.9665743080798972
3.6134760137103905,0.9799661798087573
3.7234543398357807,0.9916948392410418
3.830276450134202,1.002122845820523
-6.098545415838052,-10.753897127796025
-6.054946054638345,-9.517995530645344
-5.889517292538507,-8.309080203816697
-5.609443887259932,-7.140758278077843
-5.224002379256488,-6.026019854081288
-4.744756158508501,-4.977016044765977
-4.185760578258263,-4.004783645738372
-3.5637366976932476,-3.1188869977779268
-2.8981096577035323,-2.326940718598827
-2.2107106390672993,-1.6339877337500042
-1.5248448531792684,-1.0417637638165154
-0.8634550557102711,-0.5480105532176864
-0.24645197397602914,-0.1461746622478053
0.31204777826859154,0.1741180505781319
0.8053468641845143,0.4256978405586356
1.2338305770206777,0.6220007507794385
1.6029938495817966,0.7754307615814984
1.9209621907753132,0.8964115091333777
2.1964847234957934,0.9931478023941089
2.4377422177241836,1.0718380507599967
2.651843590077379,1.1370631828819562
2.8447449296405325,1.192181787210453
3.0213719449523566,1.2396605215054581
3.1858145377129037,1.281326068786246
3.3415301783814737,1.318548481765239
3.491532772555837,1.352371543426269
3.6385641470957193,1.3836044151539522
-5.011762533363594,-10.518684805965023
-5.016139959738885,-9.309556453491929
-4.903970147478457,-8.127716582679858
-4.6834455162002,-6.98685041016353
-4.3649751593660895,-5.899901947103018
-3.9613018870286485,-4.878785211311319
-3.487537598575562,-3.9340153385559065
-2.961025291201663,-3.074239001073974
-2.400890345351744,-2.3056635661047338
-1.8271295797353684,-1.63143812380304
-1.2591685731601157,-1.0511302078466738
-0.7140465021879718,-0.5605306634713187
-0.204694080570615,-0.15201213138258574
0.261086344102325,0.18451247748182986
0.6805670040663667,0.4602655658014232
1.05509957500598,0.6863180554961552
1.3886872823794043,0.8726687796364452
1.6866426773030039,1.0277925968526773
1.9546115546707075,1.1585691601385602
2.198000430017636,1.2704358115652319
2.4217177727340866,1.367630656925611
2.6301148205163054,1.453443675878976
2.8270358535700453,1.5304377728888134
3.0159213075111175,1.600628510375996
3.199934215395415,1.6656241969531553
3.3820987608554414,1.7267326572963402
-3.9840527176759952,-10.197540101147078
-4.0365343467844905,-9.024378392252226
-3.9787138868211915,-7.8792566425225115
-3.819648990994027,-6.775800322198211
-3.5705969801816035,-5.726685776072271
-3.244970679262474,-4.7432627672599335
-2.858120149260449,-3.8350917741718566
-2.426851712562822,-3.009411488196979
-1.9686119715917698,-2.2705985405238316
-1.500343300115194,-1.6197439424320024
-1.037162570216422,-1.0545150322365036
-0.5911653800492029,-0.5694438625188329
-0.1706965398184188,-0.15665616197475885
0.21971887524221145,0.19311665058194905
0.578847759423037,0.48950396666326057
0.9078868525399191,0.7416719124855575
1.2095613923708974,0.9578149134091749
1.4873821120567037,1.144944177008549
1.7451314157127618,1.308887975787627
1.9865624154278416,1.454410620309659
2.2152590404810413,1.5853793554957694
2.434604115944227,1.70493636354057
2.647815322639274,1.8156549311781376
2.8580243985427405,1.9196724420526028
3.068388287983158,2.0187999268925356
-3.0229650325742323,-9.802922027847325
-3.122899732542825,-8.675037484850737
-3.1194998869413855,-7.576323246758397
-3.022451367213705,-6.520081617153593
-2.8434525338766434,-5.518359986180206
-2.5959655624951328,-4.581494150705296
-2.2947497739252345,-3.717605662609481
-1.9551466760143068,-2.9321183009257172
-1.5921508057195268,-2.2274014047596244
-1.2193937074340546,-1.6026671171462903
-0.8482465295570485,-1.0542133378960559
-0.48724995721115505,-0.5760087689277293
-0.14198451164393155,-0.16050236889368286
0.18465349895422278,0.20052718908138623
0.4919198297204712,0.5152503869833929
0.7806131629307949,0.7912861328200176
1.0525253973780764,1.0354296161816094
1.310019277491528,1.253563223931998
1.5557452347515461,1.450688079076743
1.7924788610913307,1.6310209913409643
2.023051339878471,1.7981178497949184
2.2503482229995972,1.9550002393836365
2.477359914708239,2.1042736856621804
-2.1341921873394885,-9.347949052232686
-2.2799795267953424,-8.274528602639194
-2.329842150723584,-7.231582174916777
-2.2937816164188796,-6.231704594660366
-2.183469689323612,-5.2858562858775775
-2.0118126050697853,-4.402884162375917
-1.7923251019449857,-3.589080831095402
-1.5383567454661797,-2.8478759744038893
-1.2622746336224608,-2.1797579579051334
-0.974748827134146,-1.582486196564
-0.684278008301213,-1.0515797014027255
-0.39702686616197624,-0.5809869985621363
-0.11695464386992249,-0.16379872559653208
0.15385713017622038,0.20712437153356955
0.4147929282627434,0.5386840256870986
0.6663030375572454,0.8372548881134563
0.909571779472893,1.1085485752958686
1.1462752301350925,1.3575894519006866
1.3784265945156982,1.588760591104796
1.6082974162471722,1.8058873755642182
1.8384018099341635,2.012337010533745
2.0715348587365296,2.2111213440752913
-1.3214293713409297,-8.846028793965369
-1.5103772004330942,-7.835785155351353
-1.6109711904411324,-6.857170797646694
-1.6331858233347365,-5.921612749862857
-1.5882244956309783,-5.038520087648191
-1.4879670945278214,-4.214876207909408
-1.344309478530704,-3.454966588602137
-1.1684804515895184,-2.760318905248059
-0.9704453111641058,-2.1298946157286522
-0.7584924530863439,-1.5605099279111467
-0.5390516308922191,-1.0474053571048687
-0.31673089957053335,-0.5848540716874329
-0.09451187495699287,-0.1667095807221779
0.1259746975472229,0.21316910991150628
0.3441617701767772,0.5606337441696088
0.5602931515766532,0.8810914113333945
0.7752277659287081,1.179448826858951
0.9903072478280102,1.4601252415994725
1.207284549640356,1.727107882358193
1.428309087345891,1.984031224023644
-0.5863013921245805,-8.3104096183078
-0.814549082562591,-7.371148704717646
-0.9619390055597297,-6.464140241644131
-1.0381039705399875,-5.599191244916366
-1.0534411662651522,-4.783799795387614
-1.0185343645535045,-4.022911562216954
-0.9435636547981829,-3.318875265100286
-0.8377878053323595,-2.6716204968987594
-0.7091710109286389,-2.0790301243139417
-0.5641893040202,-1.5374353974324482
-0.4078080405518243,-1.042143166848077
-0.24358848472520833,-0.5879152691867953
-0.07386796369595139,-0.16934975673231012
0.10003755027284456,0.21885345756514596
0.2776455412905303,0.5817351861938569
0.4591554787681087,0.9240074746564026
0.645343748845967,1.250048660706967
0.8375083022500736,1.5639424817481888
1.037464332832558,1.8695459889090111
0.07161333807909287,-7.753682783161262
-0.1909279444359555,-6.891844949765609
-0.37988217260193125,-6.061989676643723
-0.5043040899985893,-5.27196052749373
-0.5735916178104077,-4.527178129021044
-0.5969599832970705,-3.830609428322952
-0.5829772589647231,-3.182937180554689
-0.5392177855983853,-2.5828971030726704
-0.4720607266457524,-2.027716582679852
-0.386627793737631,-1.5135776090208908
-0.28682926742466996,-1.0360381179295302
-0.17547672783660317,-0.5903707120095523
-0.05442288351459368,-0.1718038878327781
0.07530204861862089,0.2243296071425478
0.21337744366082312,0.602522273536219
0.36011448020214054,0.9670814245148787
0.5164201964658748,1.3221629729638336
0.6546409572764311,-7.187283642350896
0.363817305139273,-6.407535337775988
0.13958328571559875,-5.658360246367913
-0.026402936849894587,-4.945484287169554
-0.1424863976508135,-4.272307783328018
-0.21658612921727105,-3.6400711526476908
-0.2558658744146065,-3.0481667152493275
-0.26652701541012647,-2.4945341494046835
-0.25371930875462567,-1.9760717500942384
-0.22154532568591812,-1.4890082324518568
-0.17312574161534044,-1.029201554866521
-0.11069340074833,-0.5923527293032724
-0.03569026912860096,-0.17413809542154768
0.05115113249181036,0.22972835980651762
0.14975415767966993,0.6234889991113906
0.26068124221566613,1.0113809479334561
1.16674804996482,-6.621054272676989
0.8544073518169384,-5.926008266239602
0.6018909627711544,-5.2589227036522725
0.40161114812861953,-4.623469824648404
0.24622782598186,-4.021276045830747
0.1289676047790902,-3.4522162261298934
0.04383522009449159,-2.9147758821346272
-0.014278991761125681,-2.4064204821882367
-0.0495754878388297,-1.9239247264560349
-0.0653782923451196,-1.463634453491261
-0.06419691160722962,-1.021651914279965
-0.047794691024396485,-0.5939475576994102
0.027026861474640285,0.23517254287369638
